elapsed_ms,best
20,827.3
